5 330 609 311 595 376 418 528 387 428 168 333 488 224 528 251 413 104 461 389 354 360 215 539 247 559 210 129 249 657 589 350 639 74 128 30 7 426 215 305 182 23 352 630 386
149 664 101 116 75 687 337 606 335 75 152 483 358 233 215 401 316 619 65 123 279 45 341 170 157 601 492 244 360 1 598 35 666 60 650 194 324 478 264 166 607 580 489 300 460
285 682 315 629 260 241 541 389 596 250 464 428 660 216 655 70 250 148 622 98 633 645 222 118 556 448 508 189 589 556 622 472 156 68 47 283 254 515 596 193 672 411 154 17 666
429 554 371 138 100 135 313 459 117 499 188 391 157 88 133 2 320 634 604 311 409 514 286 457 69 287 365 426 599 683 659 312 633 210 611 581 260 491 643 230 617 408 2 614 76
525 305 125 598 553 282 526 505 574 200 319 230 160 230 320 340 148 690 499 24 538 128 649 311 373 666 63 573 527 122 500 41 272 503 307 25 66 54 133 345 209 596 180 324 252
638 600 636 622 190 399 580 201 478 486 660 527 690 327 292 488 550 180 122 134 284 162 95 452 665 6 523 57 102 459 219 269 122 333 531 345 375 427 560 661 678 151 508 43 427
439 374 397 80 622 254 98 190 216 395 154 316 82 505 196 522 0 400 421 125 427 24 622 168 431 649 35 470 675 93 662 235 237 556 247 449 233 412 46 673 657 472 656 403 291
118 268 461 418 397 235 181 98 375 361 206 683 437 1 350 574 639 474 560 468 167 56 390 589 248 216 302 405 52 445 297 254 224 484 610 85 656 169 617 16 429 95 216 272 537
532 30 624 432 180 94 4 35 551 536 147 275 445 383 447 613 548 617 248 309 283 292 144 247 454 538 285 335 558 26 574 461 376 488 566 105 468 320 357 126 89 188 442 611 7
603 467 435 537 319 165 537 547 204 320 211 22 607 49 627 427 400 632 556 515 608 59 632 273 224 89 256 48 504 635 352 477 287 245 562 462 86 515 176 24 231 187 231 660 305
585 371 318 314 679 592 428 445 216 272 384 229 112 342 276 333 449 331 400 650 97 75 591 589 478 110 493 133 198 228 96 681 45 634 636 432 520 589 133 525 652 232 413 428 604
328 51 390 5 166 629 442 168 92 378 292 96 231 333 206 291 662 42 209 577 613 14 208 610 651 643 18 659 523 259 245 613 281 686 148 131 661 221 101 128 122 296 168 291 428
502 578 473 244 518 121 125 247 550 215 384 121 567 111 355 203 534 633 680 162 287 575 347 305 259 352 673 547 21 321 227 310 524 670 207 131 192 558 112 158 244 159 146 417 391
71 83 187 491 304 469 516 263 409 543 72 248 91 278 563 581 331 653 591 263 531 446 84 256 330 509 264 579 332 26 116 182 0 157 315 606 53 62 150 364 231 336 544 11 568
138 141 279 416 335 295 561 466 237 633 60 635 54 445 385 138 160 42 237 151 505 476 511 179 240 644 425 513 458 244 647 120 352 219 0 614 251 126 553 236 612 678 87 688 275
639 330 409 267 16 376 469 615 439 207 144 368 584 649 360 643 665 43 299 412 475 654 32 585 414 552 515 592 36 24 201 523 10 269 106 114 615 264 317 688 322 195 109 547 309
209 632 685 387 351 223 240 262 615 187 529 89 663 506 633 16 131 589 243 689 686 432 451 97 270 37 55 118 195 310 311 496 554 558 51 343 174 14 366 103 246 547 109 129 325
96 599 230 604 421 81 690 98 256 415 513 87 374 76 117 580 276 76 87 12 686 679 687 559 604 381 583 238 101 676 573 108 640 65 367 342 356 119 322 251 381 426 675 264 293
475 218 594 315 637 194 496 75 455 258 573 462 14 655 604 561 509 131 309 24 122 278 61 311 125 532 95 552 470 331 580 442 258 114 193 24 609 464 505 320 395 532 110 25 417
379 111 313 355 441 224 118 177 684 389 543 54 22 90 538 43 119 621 235 133 38 431 200 329 283 604 581 250 381 430 411 225 507 263 685 684 609 542 337 403 434 495 644 668 313
317 419 70 273 1 571 452 290 138 360 272 506 136 114 342 166 545 42 330 45 451 65 492 676 24 199 519 382 504 65 196 431 321 278 126 135 668 507 469 206 279 559 339 539 276
53 276 77 593 205 659 645 105 86 378 472 406 566 98 198 650 346 17 358 635 263 445 318 66 493 282 426 579 316 631 690 621 304 167 24 92 458 382 29 179 583 497 106 440 402
45 265 58 310 616 469 321 206 565 368 617 211 430 20 56 544 439 442 376 306 61 112 503 106 621 165 55 489 269 354 391 100 657 262 456 664 2 208 243 389 373 570 85 126 327
387 318 80 178 357 223 617 213 336 458 6 675 562 152 98 251 493 467 74 222 327 634 336 370 574 278 30 28 368 453 599 135 482 447 49 98 390 313 79 266 50 428 51 364 142
389 473 609 366 95 522 573 460 20 299 423 116 24 482 27 479 199 589 59 307 207 345 230 250 598 133 379 375 602 543 141 218 3 122 679 276 597 174 455 190 292 347 260 478 65
3 502 163 256 391 136 284 56 273 590 457 262 98 389 497 675 135 17 252 214 221 26 301 305 396 31 269 74 472 582 345 418 457 379 536 531 36 266 322 368 20 241 332 686 191
359 333 516 606 305 136 410 530 77 458 570 188 50 193 467 411 404 232 93 269 8 395 672 216 629 409 406 199 170 510 410 188 612 647 163 427 383 647 108 556 204 608 394 153 186
510 637 282 413 487 660 283 95 491 372 261 164 79 211 380 685 609 389 581 457 688 133 304 325 321 208 621 52 319 65 635 204 37 424 420 438 565 124 339 246 14 264 287 537 658
51 302 601 312 288 337 595 410 138 397 251 434 673 499 306 191 303 81 148 639 182 322 359 75 82 350 660 551 156 65 143 65 644 176 265 639 564 365 149 236 431 10 180 201 74
631 580 189 668 598 245 204 122 189 22 193 8 644 603 290 546 203 114 248 335 608 554 558 342 211 497 413 410 497 452 586 382 218 334 336 187 582 9 110 78 12 350 312 316 123
135 601 168 637 648 214 446 92 72 155 332 185 293 126 475 157 520 402 496 233 680 515 626 237 450 454 484 247 331 208 231 352 293 306 672 464 116 514 415 441 421 35 518 360 70
636 463 313 573 444 430 300 69 127 550 638 503 256 554 639 352 688 355 148 358 506 286 583 534 142 379 384 8 295 185 331 508 33 634 349 568 255 73 468 595 65 649 266 294 128
53 162 272 282 112 583 341 659 652 358 91 551 163 190 592 314 363 89 99 238 514 275 611 470 33 573 54 30 506 300 568 215 159 499 477 334 148 134 445 606 335 109 644 360 468
421 22 449 654 529 571 313 206 17 323 153 11 604 271 24 177 213 420 400 214 243 657 676 126 645 60 299 122 179 606 86 583 415 325 405 83 637 550 304 683 7 461 635 242 277
671 373 296 519 241 159 686 449 556 456 252 223 107 352 124 458 426 18 403 225 534 492 42 514 161 203 556 611 582 184 310 277 380 212 206 625 522 140 17 490 553 85 114 195 71
145 160 634 457 95 537 183 616 571 220 197 151 415 112 159 398 69 132 457 85 185 456 530 510 451 446 652 61 169 513 622 370 449 371 206 366 296 37 22 69 25 198 277 98 613
105 385 605 417 416 133 621 259 469 24 273 227 231 4 635 438 360 340 305 620 351 649 93 662 172 15 451 467 208 402 150 288 649 489 548 491 446 112 12 148 507 640 655 154 447
319 651 388 657 87 77 342 353 200 210 68 217 55 654 638 330 298 356 117 266 454 122 464 607 371 25 344 21 158 530 614 440 24 89 463 389 516 247 196 370 514 682 648 622 194
105 239 254 398 285 162 74 81 607 288 137 628 225 686 399 396 430 405 423 390 250 320 170 267 227 608 169 463 47 650 468 323 201 559 673 470 196 556 495 488 333 269 175 226 645
535 287 553 77 174 101 622 132 541 622 143 615 391 465 12 249 64 280 76 559 535 370 514 25 562 545 559 131 521 426 368 189 243 473 672 253 187 682 272 551 27 670 635 59 645
356 6 571 317 43 242 11 548 242 626 621 131 355 452 307 162 426 341 40 257 463 649 462 641 310 247 598 685 305 552 108 646 497 171 545 619 476 614 301 517 599 443 406 417 455
262 455 540 152 680 648 368 588 261 217 446 686 569 633 190 379 538 123 292 584 666 280 565 389 256 78 1 429 458 193 26 407 348 103 430 1 669 642 554 8 520 400 86 665 149
121 373 543 628 80 354 285 232 29 685 531 448 144 421 419 656 662 286 222 423 615 420 408 225 530 304 173 415 468 159 446 304 48 273 136 398 137 60 67 257 385 636 74 338 232
674 593 192 368 162 44 472 383 51 660 420 122 545 426 368 73 569 566 668 305 215 341 351 480 333 653 144 549 599 33 654 168 372 141 64 474 622 577 623 196 679 107 308 500 165
250 367 267 172 139 635 92 448 329 365 452 354 92 25 513 310 329 334 55 86 467 212 651 329 173 83 548 106 143 378 659 606 106 642 200 159 571 445 31 660 223 174 110 229 264
120 634 86 185 622 565 132 136 11 251 266 328 566 19 571 332 659 415 437 403 577 209 424 149 683 499 324 413 533 393 647 168 555 235 405 127 366 681 301 642 122 168 673 165 270
102 671 409 428 624 479 604 220 567 400 172 420 9 220 135 84 159 215 527 7 351 524 235 488 233 331 311 600 397 8 226 185 90 336 131 90 350 308 111 583 110 60 322 155 49
85 300 587 335 485 107 390 497 64 61 416 113 24 426 264 606 661 59 57 496 605 267 485 75 86 295 203 268 369 378 603 650 686 411 15 374 383 385 168 610 15 588 369 316 519
619 294 103 416 399 377 595 505 667 398 148 619 26 341 196 130 250 416 57 442 470 640 631 562 517 316 399 676 58 138 75 581 77 337 415 613 489 579 448 575 475 385 396 4 606
179 224 226 142 38 354 633 349 317 367 211 282 70 100 543 637 546 484 278 443 100 23 601 192 305 50 286 578 164 519 313 69 235 553 587 469 197 165 227 616 69 85 618 347 442
642 467 573 82 74 518 344 18 73 130 392 86 260 18 97 378 83 516 260 209 587 299 669 303 63 507 331 328 53 197 66 679 595 17 244 451 541 209 290 494 500 208 652 175 668
106 118 544 674 560 360 17 59 565 438 256 373 246 670 432 399 401 455 128 497 81 215 619 565 527 494 337 364 588 54 620 317 232 473 654 211 296 604 136 518 312 628 124 546 507
552 180 595 569 119 292 226 361 392 94 408 462 112 271 517 304 393 304 169 36 668 399 422 297 64 320 396 431 85 342 377 93 462 147 56 406 363 502 117 115 361 214 178 240 658
559 269 347 603 59 642 217 411 557 274 301 231 290 550 667 392 495 347 448 36 520 250 468 647 208 415 18 31 21 243 331 677 632 264 399 98 416 85 429 11 607 129 553 462 407
677 561 565 147 664 80 381 443 569 55 24 244 526 653 437 229 149 274 644 542 394 631 395 648 191 605 147 567 454 201 241 243 307 162 537 417 102 302 418 578 296 257 670 465 429
239 532 185 274 79 407 544 103 474 467 141 130 648 188 454 347 635 131 268 329 52 450 301 561 496 235 45 634 116 373 170 134 161 467 11 432 521 636 97 525 176 223 292 437 633
430 409 206 358 60 521 108 111 529 43 117 316 40 115 297 616 87 25 631 659 520 124 679 499 487 152 537 123 500 186 2 502 168 97 94 157 291 396 354 466 110 637 83 61 18
135 115 562 226 36 189 382 183 363 315 491 172 206 354 524 477 215 64 315 570 16 313 27 530 637 105 459 327 52 45 266 364 166 593 509 4 17 55 239 359 372 81 509 428 384
280 499 234 543 666 35 579 178 401 136 196 246 174 461 138 499 328 567 660 192 458 277 386 420 39 515 280 428 47 252 192 604 501 554 678 120 666 435 152 521 118 592 523 249 28
18 646 35 671 118 393 21 81 536 425 600 525 331 599 474 385 435 625 574 471 666 552 301 510 58 417 2 215 361 14 360 683 347 670 611 65 430 331 36 93 446 599 5 498 400
390 275 513 167 161 493 582 34 55 192 300 640 475 589 558 162 585 589 543 566 159 483 533 275 573 371 162 213 684 548 294 498 202 256 629 36 285 423 438 75 4 185 328 203 111
463 299 516 334 420 223 536 82 142 352 55 151 571 201 490 381 593 56 46 205 423 521 614 557 565 293 385 9 593 226 339 487 467 59 507 274 189 660 247 198 292 203 270 70 24
477 663 278 450 369 626 682 315 505 207 625 213 666 560 167 55 584 647 227 38 235 406 386 121 111 219 506 327 218 1 392 239 497 214 481 656 128 238 449 397 387 75 236 152 237
297 362 299 397 309 590 348 496 204 516 304 314 378 41 570 240 295 109 556 547 466 518 622 490 26 540 275 461 521 95 268 66 217 278 398 20 64 204 503 264 339 170 565 60 589
