500 77 600 251 440 364 669 488 595 675 645 614 521 336 690 690 690 690 690 690 690 690 690 690 690 690 690 690 690 690 690 690 690 690 690 690 690 690 690 690 690 690 690 690 690 
500 32 171 232 278 58 440 619 177 225 600 319 476 118 395 375 680 174 489 156 254 248 140 440 483 466 440 487 669 619 449 328 235 620 6 30 213 631 235 138 274 690 690 690 690 
500 669 395 32 600 127 586 35 395 382 549 495 254 673 440 272 421 666 204 331 441 156 518 203 440 600 312 55 540 581 32 450 156 680 289 350 690 690 690 690 690 690 690 690 690 
500 357 614 217 192 440 526 312 680 289 312 218 165 108 395 158 600 418 304 201 361 534 7 235 600 257 421 600 645 635 690 690 690 690 690 690 690 690 690 690 690 690 690 690 690 
500 28 395 600 126 308 235 600 552 649 449 30 156 600 88 484 135 544 262 239 690 690 690 690 690 690 690 690 690 690 690 690 690 690 690 690 690 690 690 690 690 690 690 690 690 
500 600 181 322 254 358 622 235 527 178 342 600 633 440 444 435 544 680 156 296 474 601 600 312 690 690 690 690 690 690 690 690 690 690 690 690 690 690 690 690 690 690 690 690 690 
500 79 470 600 241 347 459 156 600 67 395 505 502 459 470 600 293 544 187 669 422 449 591 436 279 440 680 117 166 309 107 217 599 473 588 563 273 444 690 690 690 690 690 690 690 
500 389 689 440 274 289 127 398 395 600 95 470 324 50 591 466 679 156 180 281 616 86 395 180 573 616 557 690 690 690 690 690 690 690 690 690 690 690 690 690 690 690 690 690 690 
500 600 340 95 614 217 611 595 163 254 439 71 669 614 217 5 156 199 26 626 439 460 563 246 690 690 690 690 690 690 690 690 690 690 690 690 690 690 690 690 690 690 690 690 690 
500 563 653 378 307 670 395 680 660 344 600 1 31 600 95 316 395 600 14 560 440 665 230 690 690 690 690 690 690 690 690 690 690 690 690 690 690 690 690 690 690 690 690 690 690 
500 254 103 531 608 611 178 449 470 664 558 13 233 468 674 45 156 600 612 289 648 420 289 505 674 225 600 514 440 267 156 528 690 690 690 690 690 690 690 690 690 690 690 690 690 
500 609 672 105 470 80 395 628 68 690 690 690 690 690 690 690 690 690 690 690 690 690 690 690 690 690 690 690 690 690 690 690 690 690 690 690 690 690 690 690 690 690 690 690 690 
500 656 307 341 680 428 588 156 618 25 690 690 690 690 690 690 690 690 690 690 690 690 690 690 690 690 690 690 690 690 690 690 690 690 690 690 690 690 690 690 690 690 690 690 690 
500 680 185 616 401 690 690 690 690 690 690 690 690 690 690 690 690 690 690 690 690 690 690 690 690 690 690 690 690 690 690 690 690 690 690 690 690 690 690 690 690 690 690 690 690 
500 254 100 16 156 124 537 611 365 628 337 449 573 534 547 470 296 443 616 638 233 671 164 690 690 690 690 690 690 690 690 690 690 690 690 690 690 690 690 690 690 690 690 690 690 
500 137 534 547 470 240 446 467 616 120 229 561 652 690 690 690 690 690 690 690 690 690 690 690 690 690 690 690 690 690 690 690 690 690 690 690 690 690 690 690 690 690 690 690 690 
500 610 547 121 650 69 690 690 690 690 690 690 690 690 690 690 690 690 690 690 690 690 690 690 690 690 690 690 690 690 690 690 690 690 690 690 690 690 690 690 690 690 690 690 690 
500 156 281 214 591 254 96 563 456 690 690 690 690 690 690 690 690 690 690 690 690 690 690 690 690 690 690 690 690 690 690 690 690 690 690 690 690 690 690 690 690 690 690 690 690 
500 156 629 351 544 315 355 395 674 225 574 690 690 690 690 690 690 690 690 690 690 690 690 690 690 690 690 690 690 690 690 690 690 690 690 690 690 690 690 690 690 690 690 690 690 
500 186 477 127 395 611 254 430 159 591 253 287 690 690 690 690 690 690 690 690 690 690 690 690 690 690 690 690 690 690 690 690 690 690 690 690 690 690 690 690 690 690 690 690 690 
500 254 76 176 312 682 611 669 508 382 470 178 323 38 630 224 142 291 346 563 665 156 620 56 554 156 621 256 32 654 105 289 428 70 690 690 690 690 690 690 690 690 690 690 690 
500 345 156 206 630 65 320 616 397 237 313 669 299 225 184 402 71 395 68 254 339 513 156 623 690 690 690 690 690 690 690 690 690 690 690 690 690 690 690 690 690 690 690 690 690 
500 268 65 624 534 600 413 464 230 306 690 690 690 690 690 690 690 690 690 690 690 690 690 690 690 690 690 690 690 690 690 690 690 690 690 690 690 690 690 690 690 690 690 690 690 
500 534 547 470 156 454 395 46 395 502 395 242 395 669 596 114 174 547 594 23 395 68 254 49 429 156 305 690 690 690 690 690 690 690 690 690 690 690 690 690 690 690 690 690 690 
500 683 156 419 569 616 226 450 395 680 381 54 466 440 297 690 690 690 690 690 690 690 690 690 690 690 690 690 690 690 690 690 690 690 690 690 690 690 690 690 690 690 690 690 690 
500 478 646 61 225 330 51 547 470 167 244 235 254 81 640 395 611 254 418 263 669 304 690 690 690 690 690 690 690 690 690 690 690 690 690 690 690 690 690 690 690 690 690 690 690 
500 127 549 174 690 690 690 690 690 690 690 690 690 690 690 690 690 690 690 690 690 690 690 690 690 690 690 690 690 690 690 690 690 690 690 690 690 690 690 690 690 690 690 690 690 
500 317 223 105 135 254 222 690 690 690 690 690 690 690 690 690 690 690 690 690 690 690 690 690 690 690 690 690 690 690 690 690 690 690 690 690 690 690 690 690 690 690 690 690 690 
500 156 321 365 60 250 11 158 318 75 153 645 289 566 519 349 254 47 317 512 30 173 221 591 373 533 616 378 307 591 600 95 471 395 473 314 563 237 101 690 690 690 690 690 690 
500 593 154 395 254 243 445 395 17 78 600 471 30 534 628 21 115 616 202 669 151 481 144 544 619 449 690 690 690 690 690 690 690 690 690 690 690 690 690 690 690 690 690 690 690 
500 628 270 253 423 265 535 395 353 628 158 367 563 253 147 669 388 253 178 628 470 233 647 440 608 690 690 690 690 690 690 690 690 690 690 690 690 690 690 690 690 690 690 690 690 
500 466 34 227 156 395 684 178 440 254 128 169 445 630 611 178 620 170 440 254 469 169 603 503 592 253 235 600 404 669 388 253 628 75 211 20 591 70 575 268 393 105 473 428 690 
500 628 158 628 385 254 209 317 178 582 155 690 690 690 690 690 690 690 690 690 690 690 690 690 690 690 690 690 690 690 690 690 690 690 690 690 690 690 690 690 690 690 690 690 690 
500 563 457 395 195 411 395 321 289 198 511 37 395 158 178 493 223 311 271 544 354 131 563 619 8 669 449 395 55 210 544 384 111 669 332 167 215 252 563 600 649 690 690 690 690 
500 357 549 650 600 386 165 178 680 669 229 247 211 426 616 378 307 310 220 616 269 490 440 449 669 297 690 690 690 690 690 690 690 690 690 690 690 690 690 690 690 690 690 690 690 
500 150 646 61 395 550 688 395 254 418 403 669 360 395 491 335 395 620 6 368 178 145 498 395 643 204 690 690 690 690 690 690 690 690 690 690 690 690 690 690 690 690 690 690 690 
500 628 158 156 620 258 178 600 53 639 617 600 645 329 269 666 285 104 600 282 549 669 666 230 162 680 148 83 473 116 690 690 690 690 690 690 690 690 690 690 690 690 690 690 690 
500 518 440 600 455 581 156 466 178 211 333 156 53 97 466 440 297 225 431 395 156 600 590 395 225 509 395 156 273 480 148 428 538 395 688 158 690 690 690 690 690 690 690 690 690 
500 317 628 158 178 199 680 148 300 376 690 690 690 690 690 690 690 690 690 690 690 690 690 690 690 690 690 690 690 690 690 690 690 690 690 690 690 690 690 690 690 690 690 690 690 
500 547 494 650 543 562 594 581 284 141 156 600 27 150 646 591 600 282 515 690 690 690 690 690 690 690 690 690 690 690 690 690 690 690 690 690 690 690 690 690 690 690 690 690 690 
500 410 562 148 66 549 44 616 600 130 412 440 680 669 125 558 595 600 312 300 376 421 483 160 549 600 565 249 544 613 616 226 18 616 434 421 410 289 155 616 102 395 628 158 690 
500 636 302 156 479 667 616 357 212 690 690 690 690 690 690 690 690 690 690 690 690 690 690 690 690 690 690 690 690 690 690 690 690 690 690 690 690 690 690 690 690 690 690 690 690 
500 77 73 628 228 32 620 304 669 106 131 253 378 307 122 395 73 628 136 489 616 465 604 669 522 616 600 414 395 32 472 418 396 398 483 113 395 219 564 107 59 669 520 253 189 
500 628 614 529 548 421 446 254 172 395 19 463 504 690 690 690 690 690 690 690 690 690 690 690 690 690 690 690 690 690 690 690 690 690 690 690 690 690 690 690 690 690 690 690 690 
500 317 410 223 253 168 448 684 453 628 298 604 563 41 690 690 690 690 690 690 690 690 690 690 690 690 690 690 690 690 690 690 690 690 690 690 690 690 690 690 690 690 690 690 690 
500 600 408 461 614 134 600 352 292 235 327 530 370 690 690 690 690 690 690 690 690 690 690 690 690 690 690 690 690 690 690 690 690 690 690 690 690 690 690 690 690 690 690 690 690 
500 309 148 546 139 421 39 288 607 0 690 690 690 690 690 690 690 690 690 690 690 690 690 690 690 690 690 690 690 690 690 690 690 690 690 690 690 690 690 690 690 690 690 690 690 
500 396 587 63 690 690 690 690 690 690 690 690 690 690 690 690 690 690 690 690 690 690 690 690 690 690 690 690 690 690 690 690 690 690 690 690 690 690 690 690 690 690 690 690 690 
500 396 494 600 371 690 690 690 690 690 690 690 690 690 690 690 690 690 690 690 690 690 690 690 690 690 690 690 690 690 690 690 690 690 690 690 690 690 690 690 690 690 690 690 690 
500 309 405 191 690 690 690 690 690 690 690 690 690 690 690 690 690 690 690 690 690 690 690 690 690 690 690 690 690 690 690 690 690 690 690 690 690 690 690 690 690 690 690 690 690 
500 309 280 600 461 234 395 143 290 663 2 395 659 616 129 690 690 690 690 690 690 690 690 690 690 690 690 690 690 690 690 690 690 690 690 690 690 690 690 690 690 690 690 690 690 
500 591 483 678 669 661 236 395 188 634 669 194 395 315 374 668 325 399 558 362 616 600 497 690 690 690 690 690 690 690 690 690 690 690 690 690 690 690 690 690 690 690 690 690 690 
500 600 193 549 395 562 275 624 690 690 690 690 690 690 690 690 690 690 690 690 690 690 690 690 690 690 690 690 690 690 690 690 690 690 690 690 690 690 690 690 690 690 690 690 690 
500 542 589 366 219 564 669 229 115 148 62 598 410 654 628 523 544 105 690 690 690 690 690 690 690 690 690 690 690 690 690 690 690 690 690 690 690 690 690 690 690 690 690 690 690 
500 499 315 182 156 600 36 301 690 690 690 690 690 690 690 690 690 690 690 690 690 690 690 690 690 690 690 690 690 690 690 690 690 690 690 690 690 690 690 690 690 690 690 690 690 
500 158 326 74 395 602 197 440 600 391 545 395 254 516 350 541 690 690 690 690 690 690 690 690 690 690 690 690 690 690 690 690 690 690 690 690 690 690 690 690 690 690 690 690 690 
500 669 576 395 357 549 254 442 685 690 690 690 690 690 690 690 690 690 690 690 690 690 690 690 690 690 690 690 690 690 690 690 690 690 690 690 690 690 690 690 690 690 690 690 690 
500 628 223 211 616 458 105 672 395 407 395 158 379 4 395 600 539 265 339 409 690 690 690 690 690 690 690 690 690 690 690 690 690 690 690 690 690 690 690 690 690 690 690 690 690 
500 318 158 501 396 133 207 295 428 644 230 92 376 156 605 440 600 482 395 630 614 254 442 85 616 438 109 600 607 536 690 690 690 690 690 690 690 690 690 690 690 690 690 690 690 
500 156 627 395 600 482 577 317 572 428 510 690 690 690 690 690 690 690 690 690 690 690 690 690 690 690 690 690 690 690 690 690 690 690 690 690 690 690 690 690 690 690 690 690 690 
500 542 92 395 564 584 616 226 674 551 616 205 156 690 690 690 690 690 690 690 690 690 690 690 690 690 690 690 690 690 690 690 690 690 690 690 690 690 690 690 690 690 690 690 690 
500 600 208 395 630 43 245 363 22 99 563 600 568 383 583 82 395 614 400 91 253 256 149 669 253 415 571 690 690 690 690 690 690 690 690 690 690 690 690 690 690 690 690 690 690 
500 628 470 179 669 359 344 600 276 440 537 690 690 690 690 690 690 690 690 690 690 690 690 690 690 690 690 690 690 690 690 690 690 690 690 690 690 690 690 690 690 690 690 690 690 
500 628 614 217 517 266 600 433 462 395 64 591 475 669 216 40 395 294 57 563 254 94 690 690 690 690 690 690 690 690 690 690 690 690 690 690 690 690 690 690 690 690 690 690 690 
500 628 559 507 417 669 451 253 423 190 225 253 48 447 690 690 690 690 690 690 690 690 690 690 690 690 690 690 690 690 690 690 690 690 690 690 690 690 690 690 690 690 690 690 690 
500 42 158 382 549 582 24 421 600 259 652 564 614 89 214 616 651 616 427 606 616 506 9 277 395 161 544 125 72 156 454 690 690 690 690 690 690 690 690 690 690 690 690 690 690 
500 332 84 211 525 563 512 119 690 690 690 690 690 690 690 690 690 690 690 690 690 690 690 690 690 690 690 690 690 690 690 690 690 690 690 690 690 690 690 690 690 690 690 690 690 
500 669 481 372 440 387 148 356 114 156 600 408 524 690 690 690 690 690 690 690 690 690 690 690 690 690 690 690 690 690 690 690 690 690 690 690 690 690 690 690 690 690 690 690 690 
500 380 90 470 555 544 253 348 657 156 639 616 334 196 421 15 395 123 677 669 687 690 690 690 690 690 690 690 690 690 690 690 690 690 690 690 690 690 690 690 690 690 690 690 690 
500 465 604 614 525 91 229 440 253 486 669 406 610 395 55 405 544 496 452 669 432 686 690 690 690 690 690 690 690 690 690 690 690 690 690 690 690 690 690 690 690 690 690 690 690 
500 317 564 549 110 180 332 418 396 395 42 158 395 156 253 377 669 23 578 690 690 690 690 690 690 690 690 690 690 690 690 690 690 690 690 690 690 690 690 690 690 690 690 690 690 
500 564 549 495 620 485 395 620 532 690 690 690 690 690 690 690 690 690 690 690 690 690 690 690 690 690 690 690 690 690 690 690 690 690 690 690 690 690 690 690 690 690 690 690 690 
500 10 628 223 570 254 418 283 395 628 559 428 369 624 395 473 394 681 395 253 260 156 637 303 231 579 690 690 690 690 690 690 690 690 690 690 690 690 690 690 690 690 690 690 690 
500 580 285 641 395 42 158 690 690 690 690 690 690 690 690 690 690 690 690 690 690 690 690 690 690 690 690 690 690 690 690 690 690 690 690 690 690 690 690 690 690 690 690 690 690 
500 87 157 223 29 597 438 254 175 390 690 690 690 690 690 690 690 690 690 690 690 690 690 690 690 690 690 690 690 690 690 690 690 690 690 690 690 690 690 690 690 690 690 690 690 
500 317 416 178 395 564 559 12 628 614 229 52 690 690 690 690 690 690 690 690 690 690 690 690 690 690 690 690 690 690 690 690 690 690 690 690 690 690 690 690 690 690 690 690 690 
500 600 424 616 600 437 549 465 343 395 632 395 630 523 563 421 553 286 395 676 183 395 425 642 669 142 200 440 352 261 690 690 690 690 690 690 690 690 690 690 690 690 690 690 690 
500 32 655 395 492 318 75 33 229 615 616 392 544 620 132 662 690 690 690 690 690 690 690 690 690 690 690 690 690 690 690 690 690 690 690 690 690 690 690 690 690 690 690 690 690 
500 105 495 559 146 178 564 549 658 254 3 424 395 630 470 152 338 131 616 567 156 600 585 440 625 591 600 93 440 142 264 395 465 255 690 690 690 690 690 690 690 690 690 690 690 
500 317 318 406 178 382 549 556 98 544 481 630 148 112 92 238 690 690 690 690 690 690 690 690 690 690 690 690 690 690 690 690 690 690 690 690 690 690 690 690 690 690 690 690 690 
